0001
0004
0010
0012
0013
0016
0020
0022
0027
0032
0034
0037
0041
0047
0048
0049
0052
0054
0061
0065
0068
0070
0075
0076
0077
0084
0085
0091
0093
0095
0098
0102
0103
0105
0106
0107
0112
0114
0116
0123
0124
0125
0133
0134
0138
0140
0142
0144
0145
0147
0153
0159
0162
0164
0187
0189
0191
0192
0195
0198
0202
0207
0209
0211
0212
0213
0215
0216
0218
0220
0221
0223
0224
0225
0226
0227
0228
0235
0237
0243
0244
0246
0247
0248
0252
0260
0261
0270
0272
0275
0276
0286
0302
0309
0316
0317
0327
0333
0337
0341
0347
0350
0358
0363
0365
0368
0370
0373
0376
0378
0379
0380
0386
0389
0391
0392
0396
0406
0411
0413
0416
0420
0422
0424
0436
0444
0445
0455
0458
0459
0469
0471
0473
0475
0479
0485
0500
0501
0502
0505
0510
0512
0515
0517
0528
0532
0535
0536
0537
0541
0543
0548
0549
0552
0555
0556
0558
0563
0564
0565
0569
0571
0572
0598
0602
0604
0605
0606
0607
0608
0609
0617
0620
0621
0623
0624
0638
0641
0647
0655
0659
0660
0662
0663
0664
0667
0668
0687
0688
0700
0710
0713
0717
0718
0719
0727
0728
0731
0732
0733
0739
0740
0742
0751
0753
0759
0765
0767
0768
0770
0773
0776
0777
0779
0780
0783
0793
0796
0797
0799
0803
0812
0814
0816
0819
0821
0822
0824
0825
0826
0827
0829
0837
0839
0841
0842
0844
0846
0849
0853
0854
0855
0856
0860
0861
0862
0877
0879
0880
0883
0884
0887
0889
0891
0893
0896
0897
0898
0899
0911
0912
0917
0918
0920
0921
0931
0935
0936
0937
0938
0941
0942
0943
0945
0962
0964
0966
0968
0969
0974
0976
0977
0980
0988
0990
0992
0993
0994
0995
0997
0999
