0001
0003
0010
0043
0046
0053
0056
0057
0059
0084
0103
0111
0116
0135
0150
0161
0164
0168
0186
0196
0207
0208
0216
0231
0241
0243
0249
0252
0257
0258
0271
0273
0279
0282
0284
0290
0319
0328
0334
0337
0368
0369
0370
0373
0380
0388
0390
0396
0400
0401
0402
0411
0419
0420
0434
0442
0447
0452
0454
0456
0457
0466
0467
0468
0494
0499
0503
0508
0513
0533
0541
0550
0559
0560
0568
0577
0586
0602
0606
0622
0625
0631
0634
0637
0642
0657
0665
0666
0667
0670
0674
0692
0698
0703
0705
0707
0710
0712
0717
0721
0732
0735
0741
0747
0748
0757
0758
0761
0778
0781
0783
0795
0806
0810
0822
0826
0846
0850
0857
0858
0859
0863
0872
0879
0880
0881
0883
0884
0886
0887
0890
0896
0897
0904
0910
0914
0916
0931
0932
0938
0939
0940
0960
0968
0970
0976
