0004
0006
0008
0018
0019
0020
0024
0025
0026
0032
0041
0045
0048
0050
0051
0052
0053
0054
0058
0063
0065
0066
0068
0070
0074
0079
0081
0082
0111
0116
0122
0124
0129
0131
0139
0159
0161
0164
0184
0185
0189
0195
0198
0199
0200
0206
0209
0210
0211
0214
0217
0218
0221
0227
0237
0246
0251
0253
0254
0256
0265
0267
0269
0272
0280
0282
0289
0299
0311
0317
0319
0321
0323
0324
0333
0344
0347
0365
0372
0376
0377
0383
0387
0394
0395
0396
0410
0417
0418
0421
0426
0432
0454
0457
0462
0465
0468
0482
0484
0485
0486
0488
0489
0490
0498
0501
0503
0504
0508
0512
0524
0526
0527
0538
0542
0546
0547
0550
0557
0569
0580
0583
0584
0589
0591
0595
0602
0604
0605
0610
0611
0624
0625
0626
0631
0637
0642
0645
0647
0653
0660
0663
0665
0666
0675
0676
0691
0698
0699
0706
0710
0716
0717
0719
0722
0730
0740
0764
0770
0775
0781
0784
0790
0794
0795
0798
0799
0810
0813
0814
0829
0834
0837
0838
0840
0841
0857
0858
0859
0865
0868
0871
0872
0883
0886
0898
0900
0903
0906
0911
0912
0916
0922
0923
0930
0934
0937
0938
0939
0941
0942
0951
0962
0965
0969
0972
0988
